DM=[(0.3, 10), (0.4, 10)]
Mean Vals: 
[array([[0.00289858, 0.00289858, 0.00289858, 0.00289858],
       [0.01437542, 0.01437542, 0.01437542, 0.01432681],
       [0.03371598, 0.03393759, 0.0340347 , 0.0330183 ],
       [0.05868235, 0.05799507, 0.05813478, 0.05444277],
       [0.08822341, 0.08379637, 0.08377026, 0.076549  ],
       [0.11821289, 0.10826075, 0.10844882, 0.09631361],
       [0.14717484, 0.13061587, 0.13077596, 0.11434573],
       [0.17650631, 0.15217998, 0.15225375, 0.13095241],
       [0.20356942, 0.17234665, 0.17247824, 0.1461131 ],
       [0.22965916, 0.19176144, 0.19186323, 0.1594978 ]]), array([[0.02659282, 0.02659282, 0.02659282, 0.02659282],
       [0.06815246, 0.06855254, 0.06854156, 0.06814969],
       [0.1128139 , 0.11639413, 0.1163258 , 0.11209995],
       [0.15512993, 0.1634078 , 0.16337383, 0.15093927],
       [0.19401974, 0.20617883, 0.20623948, 0.18288215],
       [0.22875104, 0.24372555, 0.24366155, 0.20777506],
       [0.26080489, 0.27799477, 0.27789452, 0.22827051],
       [0.28875057, 0.30773021, 0.30757106, 0.24355731],
       [0.31313373, 0.33305685, 0.3330821 , 0.25533505],
       [0.33486362, 0.35549257, 0.35554361, 0.26485588]])]
Standard: 
[array([[0.00606027, 0.00606027, 0.00606027, 0.00606027],
       [0.03699602, 0.03699602, 0.03699602, 0.03635239],
       [0.07879452, 0.0800949 , 0.08065794, 0.07454833],
       [0.11910558, 0.11652917, 0.11705784, 0.10210857],
       [0.15718743, 0.14505992, 0.14498499, 0.1222992 ],
       [0.18783984, 0.16608904, 0.16653191, 0.13447121],
       [0.21159096, 0.18113996, 0.18146606, 0.14327284],
       [0.23201438, 0.19364934, 0.19378179, 0.14927394],
       [0.24702492, 0.20380304, 0.20401444, 0.15380655],
       [0.25927996, 0.21283621, 0.21298357, 0.1561042 ]]), array([[0.02242022, 0.02242022, 0.02242022, 0.02242022],
       [0.06563921, 0.06821945, 0.06814995, 0.06562096],
       [0.10483566, 0.11726095, 0.11703717, 0.10216234],
       [0.13547321, 0.1549001 , 0.15482627, 0.12427775],
       [0.1595454 , 0.18096345, 0.18106188, 0.13606955],
       [0.1782972 , 0.19922172, 0.19913937, 0.14131693],
       [0.19266471, 0.21224437, 0.21213946, 0.143168  ],
       [0.20376493, 0.22176293, 0.22162485, 0.14277121],
       [0.2123386 , 0.22833455, 0.228353  , 0.14193571],
       [0.21843392, 0.23259622, 0.23262792, 0.14032335]])]

 Execution time: 416902.502289 s