DM=[(0.3, 10), (0.4, 10)]
Mean Vals: 
[array([[0.02223806, 0.0221555 ],
       [0.04667199, 0.02964467],
       [0.06809139, 0.03489685],
       [0.09054165, 0.04114159],
       [0.11122054, 0.04573072],
       [0.13067742, 0.05188631],
       [0.15046619, 0.05861977],
       [0.1686213 , 0.06416211],
       [0.18749578, 0.06882863],
       [0.20465996, 0.07405211]]), array([[0.09033348, 0.08840838],
       [0.16216698, 0.11665465],
       [0.22170989, 0.13985147],
       [0.27300491, 0.15983501],
       [0.31328712, 0.1762154 ],
       [0.34739619, 0.19168128],
       [0.37229217, 0.20386656],
       [0.39450978, 0.21394123],
       [0.41126423, 0.22190273],
       [0.42463638, 0.22976763]])]
Standard: 
[array([[0.06592719, 0.06532613],
       [0.14672529, 0.07616073],
       [0.19109155, 0.08209802],
       [0.22515794, 0.08832437],
       [0.25249535, 0.09242723],
       [0.27188374, 0.09754002],
       [0.28866018, 0.10335413],
       [0.30277379, 0.10737386],
       [0.31692129, 0.11040489],
       [0.3274654 , 0.11413903]]), array([[0.12501297, 0.11852103],
       [0.22150893, 0.12745075],
       [0.2644473 , 0.13293157],
       [0.2874941 , 0.13589483],
       [0.29859183, 0.13850023],
       [0.30252815, 0.14053745],
       [0.30297236, 0.14285142],
       [0.30206155, 0.14331696],
       [0.29967123, 0.14261414],
       [0.29642598, 0.14325677]])]

 Execution time: 72584.865832 s