['0', 'Forward', 'Forwardcoh', 'MLD']
DM=[(0.3, 1), (0.3, 2), (0.3, 3), (0.3, 4), (0.3, 5), (0.3, 6), (0.3, 7), (0.3, 8), (0.3, 9), (0.3, 10), (0.35, 1), (0.35, 2), (0.35, 3), (0.35, 4), (0.35, 5), (0.35, 6), (0.35, 7), (0.35, 8), (0.35, 9), (0.35, 10), (0.4, 1), (0.4, 2), (0.4, 3), (0.4, 4), (0.4, 5), (0.4, 6), (0.4, 7), (0.4, 8), (0.4, 9), (0.4, 10), (0.45, 1), (0.45, 2), (0.45, 3), (0.45, 4), (0.45, 5), (0.45, 6), (0.45, 7), (0.45, 8), (0.45, 9), (0.45, 10)]
Mean Vals: 
[0.002934527546789698, 0.012755642746623304, 0.03452694605566402, 0.06274923487002496, 0.08713471627224562, 0.11561595539649255, 0.1470076527402461, 0.18688365407912735, 0.2006127865002789, 0.23355277822570747, 0.010652192843334659, 0.03472402356314835, 0.064901661506818, 0.09873033287756681, 0.13375431435355475, 0.16430604652854777, 0.20008998056752725, 0.2205883750052442, 0.2505796888460271, 0.2663884447327983, 0.02549897622567959, 0.06848540735415268, 0.1141619911500251, 0.15860566972604942, 0.19949403459074067, 0.22994520379818148, 0.2580347686738269, 0.28294432563373767, 0.3173967164655021, 0.33811626672291584, 0.050648344771029565, 0.10917039809258942, 0.16232143184085407, 0.21223130745236632, 0.25300035240940344, 0.29474886497113567, 0.3176078902683829, 0.3425275948373111, 0.36933054531587434, 0.387713862922136]
[0.002934527546789698, 0.03253086507748342, 0.0593178420804353, 0.0830573804610489, 0.10365218075548896, 0.12020008503151418, 0.1463475109064588, 0.1700679008802853, 0.17951404918653152, 0.20157113423550982, 0.010652192843334659, 0.06346398636917527, 0.10281255228363217, 0.13036947755100609, 0.16564616252105638, 0.18744182581280433, 0.21298283082527042, 0.22053573988533662, 0.2427307790168896, 0.2638983356113203, 0.02549897622567959, 0.11063256393659784, 0.16272074071944712, 0.19712575681909333, 0.2453948752499391, 0.2606602986529575, 0.2827557832872894, 0.3031620040304997, 0.33011760880675206, 0.34282388149869275, 0.050648344771029565, 0.15663764554296525, 0.2100069924016731, 0.2556317745046834, 0.2932384949453274, 0.32913476419486254, 0.347309639138035, 0.3697309207379173, 0.3881321509853073, 0.410150236576757]
[0.002934527546789698, 0.012755642746623304, 0.034816205774463996, 0.06095386141566245, 0.08194623092779901, 0.10428722976816938, 0.12980346908506235, 0.1572620496490798, 0.1653365986135484, 0.19308228020422796, 0.010652192843334659, 0.03472402356314835, 0.06545686905714017, 0.10301716619366712, 0.13506105920425537, 0.16099148011152573, 0.19825005295831868, 0.21671871800196724, 0.2415916760849804, 0.2596302296362852, 0.02549897622567959, 0.06860658948691153, 0.11687917975796042, 0.16817031562099957, 0.21406830426275883, 0.24815892560964162, 0.27430148787328856, 0.3019248272635221, 0.3335409031665759, 0.3555051890867867, 0.050648344771029565, 0.11072985630954778, 0.17024114092327497, 0.22629740031715315, 0.2688657875577364, 0.31592926101732716, 0.34375518018862394, 0.36905741447903256, 0.39278757506248446, 0.41725629714341284]
[0.002934527546789698, 0.012755642746623304, 0.03372816014778288, 0.05812982618563508, 0.07565282634917027, 0.09483035364105731, 0.11327554428266563, 0.13501749804548646, 0.13927690320412392, 0.16303599415398606, 0.010652192843334659, 0.03472402356314835, 0.06456154330309516, 0.09538100434660421, 0.12547516002165787, 0.14614757370895606, 0.16930343256643088, 0.18193275707649142, 0.1992972542951954, 0.20733635846978768, 0.02549897622567959, 0.06848540735415268, 0.11328356595794736, 0.1543749450305487, 0.18908243950625525, 0.20913662831374297, 0.22569828833435246, 0.24261668447967927, 0.2557165699338388, 0.2682957888339524, 0.050648344771029565, 0.10917039809258942, 0.16095468082784048, 0.2044493250386447, 0.23358566075169684, 0.2596366129679222, 0.26781459738691377, 0.27780577361400755, 0.2856045012763769, 0.29354704788547087]
Standard: 
[0.005933815569746389, 0.0308525590547721, 0.08029385618237057, 0.12323873987709837, 0.15689164151441276, 0.18506257563501494, 0.21257471265660935, 0.24195479034046644, 0.2515449191033663, 0.2595944910863393, 0.013449693826787458, 0.051367380124900046, 0.09128391726540751, 0.12737417931832198, 0.15528099617408855, 0.1827029250936179, 0.20437425219675198, 0.2143555199085864, 0.2273282072804636, 0.23254177115259825, 0.022064723290578542, 0.06778383819078922, 0.1076164201055394, 0.13928440986335114, 0.16015280626233366, 0.17888128498001116, 0.1921199828505531, 0.1972895624199288, 0.21506053843561443, 0.21704210874600158, 0.03096405192485662, 0.07664190667315154, 0.11122338563595095, 0.14117880162267743, 0.1633401342666822, 0.18189077570621182, 0.19538545716412384, 0.2026495181014679, 0.21367248826541801, 0.215136229609028]
[0.005933815569746389, 0.1408245432099045, 0.17003382892900396, 0.18037425155836734, 0.19488749540390352, 0.19429687397471868, 0.21147463829720467, 0.21846916629583535, 0.22404531966777053, 0.2220892475383148, 0.013449693826787458, 0.1689871320351641, 0.19971341739453247, 0.20153114941280967, 0.21553561513252598, 0.21995039664393526, 0.22211708470059824, 0.21428689277707588, 0.2184059371359618, 0.23001312605597915, 0.022064723290578542, 0.19797093756306527, 0.216090176104345, 0.21027940553409918, 0.22611719760172416, 0.21827646329097034, 0.21968662063518096, 0.21746526287467374, 0.2252442396871913, 0.22047514109645155, 0.03096405192485662, 0.20180201467607464, 0.2056733148719373, 0.20742816782312895, 0.2119870406408449, 0.214516558593735, 0.21938097516290403, 0.22112067420910406, 0.22408931921403144, 0.22543024172245593]
[0.005933815569746389, 0.0308525590547721, 0.08195306509726233, 0.11668121874331935, 0.14249131850471783, 0.15940719595384464, 0.1809589295490448, 0.19777427547785123, 0.20225715736729205, 0.21020212907813007, 0.013449693826787458, 0.051367380124900046, 0.09389134710516153, 0.14016474939391152, 0.15832769662422358, 0.1764766632676503, 0.20164777255727476, 0.20921486650580412, 0.21705700535325817, 0.22554912453929704, 0.022064723290578542, 0.0685508406372424, 0.11692176891713556, 0.16074606103763248, 0.1849211236529704, 0.20372574780232267, 0.21099156998566085, 0.21633900055203695, 0.2277857840849541, 0.22898661464765233, 0.03096405192485662, 0.0842051947139593, 0.13287795816745224, 0.16682074620694262, 0.18511024069681106, 0.20329841555707548, 0.21686381635877933, 0.22072250649075947, 0.22635356097927806, 0.22813428832123925]
[0.005933815569746389, 0.0308525590547721, 0.07551714142981251, 0.10548349684432462, 0.12248349235402581, 0.13355451439688, 0.14225259588184022, 0.1528781865360852, 0.15095163918235396, 0.15760292052440583, 0.013449693826787458, 0.051367380124900046, 0.08964746588868579, 0.11629701486281412, 0.1340866669980624, 0.14442731612475163, 0.1495146648480429, 0.15117001712154585, 0.15318767628985566, 0.15165100399082007, 0.022064723290578542, 0.06778383819078922, 0.10441581581084347, 0.12842724380576345, 0.13886333993127936, 0.14257140694756443, 0.1421823897623089, 0.14067752523486826, 0.1411403561881135, 0.14009560520072345, 0.03096405192485662, 0.07664190667315154, 0.10698471130859244, 0.12406479342697226, 0.1292757719568012, 0.1320519779939409, 0.13240958189263735, 0.1284294021445622, 0.12947976195541536, 0.1275498037374153]

 Execution time: 219295.633554 s