Photons
DM=[(0.3, 10), (0.4, 10)]
Mean Vals: 
[array([5.06234199, 6.90789823, 6.96825312, 6.9627771 , 7.00422532,
       6.9580943 , 6.99633026, 6.97986741, 6.93829886, 6.98711214,
       6.93725595]), array([2.44182369, 3.3915751 , 3.40406389, 3.38164129, 3.38696123,
       3.3796835 , 3.37972758, 3.39125081, 3.3945236 , 3.40101023,
       3.39917674])]
Standard: 
[array([9.05053810e-13, 2.45959369e+00, 2.56668274e+00, 2.61063612e+00,
       2.62660541e+00, 2.58751898e+00, 2.62455868e+00, 2.57475366e+00,
       2.56701908e+00, 2.61244302e+00, 2.57904234e+00]), array([2.34479103e-13, 1.54286891e+00, 1.66138527e+00, 1.67400570e+00,
       1.70190562e+00, 1.72154633e+00, 1.72427288e+00, 1.71713337e+00,
       1.71804662e+00, 1.71602257e+00, 1.70177032e+00])]

 Execution time: 72003.886186 s