Photons
DM=[(0.3, 10), (0.45, 10)]
Mean Vals: 
[array([ 5.06234199,  8.92947586, 12.8069815 , 16.61759672, 19.94500737,
       23.03599084, 26.05407953, 28.94557503, 31.59662498, 33.74118817,
       35.66481494]), array([ 1.63935672,  2.73668933,  3.7785822 ,  4.85254659,  5.87931017,
        6.90815903,  7.96136606,  8.96064166, 10.08679547, 11.13540861,
       12.13890562])]
Standard: 
[array([9.09494702e-13, 5.14387721e+00, 9.43649957e+00, 1.29312902e+01,
       1.54613784e+01, 1.77065508e+01, 1.93518878e+01, 2.08329250e+01,
       2.18514116e+01, 2.25892535e+01, 2.31663527e+01]), array([2.26263452e-13, 2.45922907e+00, 3.94692341e+00, 5.26163976e+00,
       6.50877649e+00, 7.62256271e+00, 8.69658419e+00, 9.61215856e+00,
       1.07935804e+01, 1.18726850e+01, 1.27705733e+01])]

 Execution time: 325694.875690 s