DM=[(0.3, 10), (0.4, 10)]
Mean Vals: 
[array([[0.02252571, 0.02302785, 0.02329709, 0.02239176],
       [0.04049269, 0.0321518 , 0.03246864, 0.02957992],
       [0.05929796, 0.03809586, 0.03846023, 0.03445089],
       [0.08518163, 0.04688465, 0.04716454, 0.04148442],
       [0.10613866, 0.05387567, 0.05404008, 0.04679318],
       [0.1292129 , 0.06146458, 0.06148203, 0.05230195],
       [0.15506533, 0.06950535, 0.06990241, 0.05882213],
       [0.17578967, 0.07648738, 0.07695695, 0.06372265],
       [0.1949333 , 0.08331144, 0.08323798, 0.06842337],
       [0.21024375, 0.08810204, 0.08849514, 0.07197883]]), array([[0.08890485, 0.0988984 , 0.10001659, 0.08740834],
       [0.13152366, 0.13272857, 0.13376319, 0.11582999],
       [0.17247162, 0.1641785 , 0.16576312, 0.13778204],
       [0.20932762, 0.19687458, 0.19708617, 0.15952003],
       [0.24253601, 0.22193909, 0.22330406, 0.17698272],
       [0.27338403, 0.24587801, 0.24684368, 0.19187316],
       [0.29782204, 0.26752725, 0.26873865, 0.20303074],
       [0.32278582, 0.28899089, 0.28890818, 0.2129581 ],
       [0.33735877, 0.30730311, 0.30901701, 0.22041026],
       [0.35497132, 0.32509575, 0.32518964, 0.22914045]])]
Standard: 
[array([[0.06750965, 0.07097059, 0.07275704, 0.0665554 ],
       [0.12651931, 0.09095144, 0.09256636, 0.07654442],
       [0.17065965, 0.09993785, 0.10160733, 0.08128364],
       [0.21528702, 0.11449571, 0.11559771, 0.09047787],
       [0.24340729, 0.12388278, 0.12447336, 0.09474935],
       [0.26977693, 0.13397518, 0.13403228, 0.09914195],
       [0.29442065, 0.14261067, 0.14380372, 0.10500254],
       [0.31134153, 0.15060858, 0.15192256, 0.10820332],
       [0.32493779, 0.15817996, 0.15798631, 0.11131875],
       [0.33463086, 0.16210049, 0.16309581, 0.11284668]]), array([[0.12337887, 0.15277132, 0.15567544, 0.11827804],
       [0.16771708, 0.17033944, 0.17255268, 0.12773892],
       [0.203268  , 0.18925286, 0.19203757, 0.13187445],
       [0.22423055, 0.20708634, 0.20739572, 0.13727039],
       [0.23982575, 0.21560665, 0.21735559, 0.1395132 ],
       [0.25244983, 0.22473924, 0.22582646, 0.14192801],
       [0.25921446, 0.23243168, 0.23363701, 0.14098697],
       [0.26668068, 0.24082899, 0.2407565 , 0.14188162],
       [0.26860296, 0.24792667, 0.24924932, 0.14293111],
       [0.26994851, 0.25162278, 0.25168801, 0.14332   ]])]

 Execution time: 88798.191154 s