DM=[(0.3, 10), (0.4, 10)]
Mean Vals: 
[array([[0.48845585, 0.02393019, 0.02472555, 0.02278453],
       [0.52760161, 0.48268211, 0.4852035 , 0.03281907],
       [0.51266663, 0.51718536, 0.5187421 , 0.03675186],
       [0.50809784, 0.50906851, 0.5079476 , 0.04912444],
       [0.48367165, 0.5092048 , 0.50826136, 0.05191871],
       [0.4829706 , 0.47607037, 0.47663045, 0.05700439],
       [0.51835156, 0.48299223, 0.48582995, 0.05828669],
       [0.51058876, 0.51524451, 0.51718176, 0.06273566],
       [0.49312442, 0.49805966, 0.49887418, 0.07130644],
       [0.48836517, 0.49614094, 0.49646782, 0.07729914]]), array([[0.50399906, 0.09161837, 0.09189926, 0.08374967],
       [0.50454675, 0.50544627, 0.50769272, 0.10875823],
       [0.4818083 , 0.4918718 , 0.48884514, 0.13159998],
       [0.48035178, 0.4886152 , 0.48767356, 0.15329376],
       [0.48146654, 0.48068271, 0.47897925, 0.1687468 ],
       [0.49856558, 0.50406654, 0.50507358, 0.18732004],
       [0.49776775, 0.50034579, 0.50031389, 0.19967161],
       [0.46419675, 0.50015672, 0.50184999, 0.20597097],
       [0.48546708, 0.46574031, 0.46666745, 0.21463302],
       [0.49527235, 0.49298844, 0.49577216, 0.2270139 ]])]
Standard: 
[array([[0.48169767, 0.07431992, 0.07924714, 0.06656806],
       [0.47321504, 0.47370288, 0.47378834, 0.08022657],
       [0.47050513, 0.47036176, 0.4703023 , 0.08328671],
       [0.46202564, 0.46200761, 0.46202825, 0.10121512],
       [0.45782977, 0.45802837, 0.45804636, 0.09538279],
       [0.45458339, 0.45427243, 0.45430158, 0.10339708],
       [0.45240206, 0.45245458, 0.45255234, 0.0994674 ],
       [0.44900673, 0.44887278, 0.4488028 , 0.10256249],
       [0.44334284, 0.4433919 , 0.44339472, 0.11323415],
       [0.43827854, 0.43841596, 0.43841871, 0.11639343]]), array([[0.43240127, 0.14216642, 0.14297075, 0.11714312],
       [0.41016305, 0.4101521 , 0.41011611, 0.12322452],
       [0.39106464, 0.39140314, 0.39132858, 0.13245344],
       [0.37128961, 0.37163479, 0.37160475, 0.13430121],
       [0.35814065, 0.35809923, 0.35800327, 0.13740281],
       [0.34407966, 0.34405862, 0.34404524, 0.14361097],
       [0.3327275 , 0.33273481, 0.33273484, 0.14323207],
       [0.32552547, 0.32748845, 0.32748326, 0.14420692],
       [0.31846655, 0.31695176, 0.31705061, 0.14211908],
       [0.30954422, 0.30950091, 0.30955145, 0.14600878]])]

 Execution time: 8928.262398 s