DM=[(0.3, 10), (0.4, 10)]
Mean Vals: 
[array([[0.02287765, 0.02350027, 0.02387022, 0.02273322],
       [0.04002196, 0.03134977, 0.03172858, 0.02873458],
       [0.06281205, 0.04002405, 0.04039223, 0.03569077],
       [0.08450417, 0.04658093, 0.04693748, 0.04031609],
       [0.10849802, 0.05448179, 0.05475185, 0.04659166],
       [0.13188843, 0.06159604, 0.06186088, 0.05203025],
       [0.15368661, 0.06961221, 0.06992111, 0.05780005],
       [0.17604332, 0.0769423 , 0.0770973 , 0.06320016],
       [0.19406389, 0.08403071, 0.08432105, 0.06852688],
       [0.21083823, 0.09055892, 0.09096865, 0.07307685]]), array([[0.08785336, 0.0966593 , 0.09758047, 0.08603108],
       [0.13057634, 0.13269511, 0.13338933, 0.11455963],
       [0.16976437, 0.16373857, 0.16413871, 0.13788403],
       [0.20747245, 0.19443768, 0.19509036, 0.15875139],
       [0.24030143, 0.22052252, 0.22096618, 0.17561653],
       [0.26876068, 0.24492348, 0.24509987, 0.18976764],
       [0.29540476, 0.26559306, 0.26660574, 0.20111532],
       [0.31815204, 0.28708261, 0.28761293, 0.21234954],
       [0.33985063, 0.30458743, 0.30472629, 0.22080677],
       [0.35819171, 0.32261527, 0.32286553, 0.22768929]])]
Standard: 
[array([[0.06834153, 0.07255562, 0.07494488, 0.0673255 ],
       [0.12711121, 0.09002233, 0.09197249, 0.07513964],
       [0.17742644, 0.10505032, 0.10664964, 0.08384744],
       [0.21529823, 0.11576382, 0.11715145, 0.08764027],
       [0.24713171, 0.12594209, 0.12689354, 0.09364166],
       [0.27364034, 0.13485966, 0.13571762, 0.09853055],
       [0.29367758, 0.14472676, 0.14564213, 0.10314402],
       [0.31203877, 0.1527688 , 0.15319736, 0.1073407 ],
       [0.32386485, 0.1595459 , 0.16030084, 0.11097882],
       [0.33402358, 0.16596471, 0.16697195, 0.11367894]]), array([[0.12365056, 0.14990195, 0.1523576 , 0.1174055 ],
       [0.16756143, 0.17215631, 0.17362976, 0.12643731],
       [0.19920814, 0.18885897, 0.18956965, 0.13270826],
       [0.22267625, 0.20442297, 0.20539521, 0.13677159],
       [0.23902397, 0.21556471, 0.21613869, 0.13910849],
       [0.25012408, 0.22576458, 0.22596372, 0.14067538],
       [0.2596218 , 0.2330581 , 0.23407223, 0.14117591],
       [0.26456999, 0.24027514, 0.24074404, 0.14255937],
       [0.26973018, 0.24538973, 0.24550025, 0.14301514],
       [0.27267901, 0.2509942 , 0.25117088, 0.14251425]])]

 Execution time: 442289.874135 s